0.500000 0.000000 
0.575818 0.000000 
0.663134 0.000000 
0.763689 0.000000 
0.879493 0.000000 
1.012856 0.000000 
1.166443 0.000000 
1.343318 0.000013 
1.547015 0.000662 
1.781599 0.015215 
2.051756 0.145888 
2.362877 0.594461 
2.721177 1.064200 
3.133807 0.535284 
3.609008 0.183170 
4.156267 0.021086 
4.786510 0.001105 
5.512321 0.000002 
6.348193 0.000000 
7.310813 0.000000 
8.419401 0.000000 
9.696093 0.000000 
11.166378 0.000000 
12.859613 0.000000 
14.809604 0.000000 
17.055286 0.000000 
19.641496 0.000000 
22.619872 0.000000 
26.049878 0.000000 
30.000000 0.000000 
