0.073466 0.000000 0.073466 5.115492
0.081538 0.000000 0.081538 5.684953
0.090498 0.000000 0.090498 6.085616
0.100442 0.000000 0.100442 5.684953
0.111478 0.000000 0.111478 5.115492
0.123727 0.000000 0.123727 4.563767
0.137322 0.000000 0.137322 4.066968
0.152410 0.000000 0.152410 3.624315
0.169157 0.000000 0.169157 3.230281
0.187744 0.000000 0.187744 2.879545
0.208373 0.000000 0.208373 2.567349
0.231268 0.000000 0.231268 2.289458
0.256680 0.000000 0.256680 2.042095
0.284883 0.000000 0.284883 1.821786
0.316186 0.000000 0.316186 1.624474
0.350928 0.000000 0.350928 1.441383
0.389487 0.000000 0.389487 1.249202
0.432283 0.000000 0.432283 1.008448
0.479782 0.000000 0.479782 0.500642
0.532500 0.000000 0.532500 0.182344
0.591010 0.000000 0.591010 0.052367
0.655949 0.000000 0.655949 0.014114
0.728024 0.000000 0.728024 0.005229
0.808018 0.000000 0.808018 0.002770
0.896801 0.000000 0.896801 0.001630
0.995340 0.000000 0.995340 0.000965
1.104707 0.000000 1.104707 0.000561
1.226090 0.000000 1.226090 0.000319
1.360811 0.000006 1.360811 0.000175
1.510334 0.000126 1.510334 0.000094
1.676287 0.001795 1.676287 0.000049
1.860475 0.016183 1.860475 0.000028
2.064901 0.090459 2.064901 0.000030
2.291789 0.317971 2.291789 0.000085
2.543607 0.684174 2.543607 0.000251
2.823094 0.915753 2.823094 0.000569
3.133291 0.754767 3.133291 0.000961
3.477572 0.385407 3.477572 0.001225
3.859682 0.125427 3.859682 0.001186
4.283778 0.022958 4.283778 0.000870
4.754472 0.002430 4.754472 0.000488
5.276886 0.000244 5.276886 0.000210
5.856701 0.000017 5.856701 0.000071
6.500226 0.000000 6.500226 0.000019
7.214460 0.000000 7.214460 0.000004
8.007173 0.000000 8.007173 0.000001
8.886988 0.000000 8.886988 0.000000
9.863476 0.000000 9.863476 0.000000
10.947258 0.000000 10.947258 0.000000
12.150125 0.000000 12.150125 0.000000
